Name              | Overall Success | Success Ratio Iteration 1 | Success Ratio Iteration 2 | Success Ratio Iteration 3 | Success Ratio Iteration 4 | Success Ratio Iteration 5 | Total Success | Sum of Ratios | Pass@1       | Pass@2       | Pass@3       | Pass@4       | Pass@5      
Edgecapture       | 5/5           |                     0.96 |                     0.96 |                     0.96 |                     0.96 |                     0.96 |                     0.96 |    4.80 |            1 |            1 |            1 |            1 |            1
RTLLM_freq_divbyodd | 0/5           |                     0.42 |                     0.53 |                     0.16 |                     0.42 |                     0.42 |                     0.39 |    1.95 |            0 |            0 |            0 |            0 |            0
Dff8              | 5/5           |                     0.00 |                     0.00 |                     0.00 |                     0.00 |                     0.00 |                     0.00 |    0.00 |            1 |            1 |            1 |            1 |            1
Shift4            | 5/5           |                     0.90 |                     0.90 |                     0.90 |                     0.90 |                     0.90 |                     0.90 |    4.50 |            1 |            1 |            1 |            1 |            1
Fsm_serialdata    | 1/5           |                     0.00 |                     0.00 |                     0.00 |                     0.96 |                     0.00 |                     0.06 |    0.96 |            0 |            0 |            0 |            1 |            1
RTLLM_multi_pipe_8bit | 0/5           |                     0.00 |                     0.00 |                     0.00 |                     0.00 |                     0.00 |                     0.00 |    0.02 |            0 |            0 |            0 |            0 |            0
Dualedge          | 5/5           |                     0.92 |                     0.92 |                     0.92 |                     0.92 |                     0.92 |                     0.92 |    4.62 |            1 |            1 |            1 |            1 |            1
Module_shift8     | 4/5           |                     0.00 |                     0.91 |                     0.91 |                     0.91 |                     0.91 |                     0.28 |    3.64 |            0 |            1 |            1 |            1 |            1
RTLLM_freq_divbyeven | 0/5           |                     0.00 |                     0.00 |                     0.00 |                     0.00 |                     0.00 |                     0.00 |    0.00 |            0 |            0 |            0 |            0 |            0
Countslow         | 5/5           |                     0.00 |                     0.00 |                     0.00 |                     0.00 |                     0.00 |                     0.00 |    0.00 |            1 |            1 |            1 |            1 |            1
Fsm3comb          | 5/5           |                     1.00 |                     1.00 |                     1.00 |                     1.00 |                     1.00 |                     1.00 |    5.00 |            1 |            1 |            1 |            1 |            1
RTLLM_parallel2serial | 0/5           |                     1.00 |                     1.00 |                     1.00 |                     1.00 |                     1.00 |                     1.00 |    5.00 |            0 |            0 |            0 |            0 |            0
Dff8r             | 5/5           |                     0.95 |                     0.95 |                     0.95 |                     0.95 |                     0.95 |                     0.95 |    4.74 |            1 |            1 |            1 |            1 |            1
RTLLM_accu        | 5/5           |                     1.00 |                     1.00 |                     1.00 |                     1.00 |                     1.00 |                     1.00 |    5.00 |            1 |            1 |            1 |            1 |            1
Fsm_ps2data       | 1/5           |                     0.00 |                     0.00 |                     0.00 |                     0.00 |                     0.94 |                     0.04 |    0.94 |            0 |            0 |            0 |            0 |            1
Dff8p             | 5/5           |                     0.91 |                     0.91 |                     0.91 |                     0.91 |                     0.91 |                     0.91 |    4.55 |            1 |            1 |            1 |            1 |            1
Module_shift      | 5/5           |                     0.95 |                     0.95 |                     0.95 |                     0.95 |                     0.95 |                     0.95 |    4.74 |            1 |            1 |            1 |            1 |            1
RTLLM_multi_16bit | 4/5           |                     1.00 |                     1.00 |                     1.00 |                     1.00 |                     1.00 |                     1.00 |    5.00 |            0 |            1 |            1 |            1 |            1
RTLLM_radix2_div  | 0/5           |                     0.00 |                     0.00 |                     0.00 |                     0.00 |                     0.00 |                     0.00 |    0.00 |            0 |            0 |            0 |            0 |            0
Fsm3              | 0/5           |                     0.00 |                     0.00 |                     0.00 |                     0.00 |                     0.00 |                     0.00 |    0.00 |            0 |            0 |            0 |            0 |            0
Dff16e            | 5/5           |                     0.88 |                     0.88 |                     0.88 |                     0.88 |                     0.88 |                     0.88 |    4.38 |            1 |            1 |            1 |            1 |            1
RTLLM_pulse_detect | 0/5           |                     0.00 |                     0.00 |                     0.90 |                     0.00 |                     0.00 |                     0.02 |    0.90 |            0 |            0 |            0 |            0 |            0
RTLLM_multi_booth_8bit | 0/5           |                     0.20 |                     0.30 |                     0.20 |                     0.00 |                     0.20 |                     0.18 |    0.90 |            0 |            0 |            0 |            0 |            0
RTLLM_calendar    | 5/5           |                     1.00 |                     1.00 |                     1.00 |                     1.00 |                     1.00 |                     1.00 |    5.00 |            1 |            1 |            1 |            1 |            1
Fsm_serialdp      | 0/5           |                     0.00 |                     0.00 |                     0.00 |                     0.00 |                     0.00 |                     0.00 |    0.00 |            0 |            0 |            0 |            0 |            0
Edgedetect2       | 5/5           |                     0.94 |                     0.94 |                     0.94 |                     0.94 |                     0.94 |                     0.94 |    4.69 |            1 |            1 |            1 |            1 |            1
Lfsr32            | 4/5           |                     0.50 |                     0.50 |                     0.00 |                     0.50 |                     0.50 |                     0.04 |    2.00 |            1 |            1 |            1 |            1 |            1
RTLLM_multi_8bit  | 5/5           |                     1.00 |                     1.00 |                     1.00 |                     1.00 |                     1.00 |                     1.00 |    5.00 |            1 |            1 |            1 |            1 |            1
RTLLM_square_wave | 5/5           |                     1.00 |                     1.00 |                     1.00 |                     1.00 |                     1.00 |                     1.00 |    5.00 |            1 |            1 |            1 |            1 |            1
Count_clock       | 5/5           |                     0.00 |                     0.00 |                     0.00 |                     0.00 |                     0.00 |                     0.00 |    0.00 |            1 |            1 |            1 |            1 |            1
Count1to10        | 5/5           |                     0.86 |                     0.86 |                     0.86 |                     0.86 |                     0.86 |                     0.86 |    4.29 |            1 |            1 |            1 |            1 |            1
Edgedetect        | 5/5           |                     0.95 |                     0.95 |                     0.95 |                     0.95 |                     0.95 |                     0.95 |    4.76 |            1 |            1 |            1 |            1 |            1
RTLLM_freq_div    | 5/5           |                     1.00 |                     1.00 |                     1.00 |                     1.00 |                     1.00 |                     1.00 |    5.00 |            1 |            1 |            1 |            1 |            1
RTLLM_freq_divbyfrac | 0/5           |                     0.35 |                     0.40 |                     0.25 |                     0.35 |                     0.40 |                     0.35 |    1.75 |            0 |            0 |            0 |            0 |            0
RTLLM_width_8to16 | 5/5           |                     1.00 |                     1.00 |                     1.00 |                     1.00 |                     1.00 |                     1.00 |    5.00 |            1 |            1 |            1 |            1 |            1
Countbcd          | 4/5           |                     0.00 |                     0.00 |                     0.00 |                     0.00 |                     0.00 |                     0.00 |    0.00 |            1 |            1 |            1 |            1 |            1
RTLLM_LIFObuffer  | 0/5           |                     1.00 |                     0.60 |                     0.60 |                     0.80 |                     0.40 |                     0.93 |    3.40 |            0 |            0 |            0 |            0 |            0
Count15           | 5/5           |                     0.80 |                     0.80 |                     0.80 |                     0.80 |                     0.80 |                     0.80 |    4.00 |            1 |            1 |            1 |            1 |            1
RTLLM_traffic_light | 1/5           |                     0.00 |                     0.00 |                     0.00 |                     1.00 |                     0.67 |                     0.03 |    1.67 |            0 |            0 |            0 |            1 |            1
Shift18           | 5/5           |                     0.00 |                     0.00 |                     0.00 |                     0.00 |                     0.00 |                     0.00 |    0.00 |            1 |            1 |            1 |            1 |            1
RTLLM_edge_detect | 5/5           |                     1.00 |                     1.00 |                     1.00 |                     1.00 |                     1.00 |                     1.00 |    5.00 |            1 |            1 |            1 |            1 |            1
Count10           | 5/5           |                     0.86 |                     0.86 |                     0.86 |                     0.86 |                     0.86 |                     0.86 |    4.29 |            1 |            1 |            1 |            1 |            1
Fsm3onehot        | 3/5           |                     1.00 |                     0.00 |                     1.00 |                     0.00 |                     1.00 |                     0.13 |    3.00 |            1 |            1 |            1 |            1 |            1
Fsm_serial        | 1/5           |                     0.00 |                     0.00 |                     0.00 |                     0.96 |                     0.00 |                     0.06 |    0.96 |            0 |            0 |            0 |            1 |            1
Dff8ar            | 5/5           |                     0.95 |                     0.95 |                     0.95 |                     0.95 |                     0.95 |                     0.95 |    4.76 |            1 |            1 |            1 |            1 |            1
Fsm_ps2           | 0/5           |                     0.00 |                     0.00 |                     0.00 |                     0.00 |                     0.00 |                     0.00 |    0.00 |            0 |            0 |            0 |            0 |            0
RTLLM_signal_generator | 5/5           |                     1.00 |                     1.00 |                     1.00 |                     1.00 |                     1.00 |                     1.00 |    5.00 |            1 |            1 |            1 |            1 |            1
Dff               | 5/5           |                     0.93 |                     0.93 |                     0.93 |                     0.93 |                     0.93 |                     0.93 |    4.67 |            1 |            1 |            1 |            1 |            1

Average Success Ratio as Percentage: 58.70%
Pass@1 Average: 0.62
Pass@2 Average: 0.67
Pass@3 Average: 0.67
Pass@4 Average: 0.73
Pass@5 Average: 0.75
